Abnormal_URL: 1.0
DNSRecord: 1.0
Domain_registeration_length: 0.9958579353974752
Favicon: 1.0
Google_Index: 0.9999953843756324
HTTPS_token: 1.0
Iframe: 1.0
Links_in_tags: 0.9995152509457711
Links_pointing_to_page: 0.9996208033369954
Page_Rank: 0.9876237011526984
Prefix_Suffix: 0.9995152509457711
Redirect: 1.0
Request_URL: 0.2689286131324479
Result: 0.9086653866244705
RightClick: 1.0
SFH: 1.0
SSLfinal_State: 0.45991477918984003
Statistical_report: 1.0
Submitting_to_email: 0.9999953843756324
URL_Length: 0.9999971010402764
URL_of_Anchor: 0.9997752665277037
age_of_domain: 0.9914952304622426
double_slash_redirecting: 0.9999999998789996
having_At_Symbol: 1.0
having_IP_Address: 1.0
having_Sub_Domain: 0.9999999999598222
on_mouseover: 0.9999999999598222
popUpWidnow: 0.9999999991050752
port: 1.0
web_traffic: 0.5733052694150307
